0005062673 0 237
0005062677 0 228
0005062681 0 219
0005062683 0 291
0005062684 0 232
0005062685 0 316
0005062687 0 201
0005062688 0 238
0005062689 0 242
0005062691 0 260
0005062692 0 209
0005062693 0 267
0005062694 0 199
0005062695 0 233
0005062697 0 240
0005062698 0 290
0005062700 0 309
0005062701 0 266
0005062702 0 279
0005062704 0 310
0005062706 0 248
0005062707 0 226
0005062708 0 306
0005062710 0 242
0005062711 0 215
0005062714 0 275
0005062716 0 234
0005062717 0 267
0005062718 0 269
0005062719 0 253
0005062722 0 209
0005062723 0 220
0005062726 0 256
0005062729 0 192
0005062731 0 238
0005062732 0 215
0005062733 0 208
0005062734 0 271
0005062736 0 260
0005062737 0 300
0005062740 0 205
0005062743 0 201
0005062744 0 268
0005062746 0 296
0005062747 0 278
0005062748 0 281
0005062749 0 259
0005062750 0 205
0005062751 0 226
0005062752 0 275
0005062753 0 260
0005062754 0 192
0005062755 0 228
0005062756 0 214
0005062757 0 234
0005062758 0 219
0005062761 0 238
0005062763 0 257
0005062764 0 254
0005062765 0 255
0005062768 0 286
0005062771 0 213
0005072573 0 272
0005072575 0 242
0005072576 0 269
0005072577 0 244
0005072579 0 296
0005072581 0 247
0005072583 0 229
0005072584 0 235
0005072587 0 259
0005072588 0 209
0005072589 0 260
0005072590 0 231
0005072591 0 215
0005072592 0 263
0005072593 0 313
0005072594 0 311
0005072595 0 231
0005072596 0 277
0005072598 0 202
0005072600 0 256
0005072601 0 378
0005072604 0 361
0005072605 0 242
0005072606 0 246
0005072607 0 253
0005072608 0 275
0005072611 0 234
0005072612 0 239
0005072613 0 271
0005072614 0 272
0005072615 0 242
0005072616 0 269
0005072618 0 232
0005072619 0 291
0005072621 0 243
0005072623 0 261
0005072624 0 236
0005072625 0 265
0005072626 0 243
0005072627 0 208
0005072628 0 177
0005072629 0 297
0005072630 0 199
0005072633 0 222
0005072634 0 292
0005072635 0 229
0005072636 0 253
0005072638 0 223
0005072639 0 260
0005072640 0 218
0005072641 0 257
0005072643 0 292
0005072645 0 211
0005072646 0 234
0005072647 0 222
0005072648 0 255
0005072649 0 228
0005072650 0 244
0005072652 0 237
0005072654 0 232
0005072655 0 280
0005072656 0 262
0005072657 0 264
0005072658 0 239
0005072659 0 219
0005072661 0 248
0005072662 0 254
0005072663 0 319
0005072664 0 202
0005072665 0 265
0005072666 0 279
0005072667 0 266
0005072668 0 225
0005072671 0 255
0005072672 0 232
0005991798 0 231
0005991802 0 240
0005991804 0 213
0005991805 0 207
0005991808 0 245
0005991812 0 269
0005991813 0 274
0005991814 0 234
0005991816 0 221
0005991817 0 305
0005991818 0 311
0005991819 0 266
0005991820 0 295
0005991821 0 248
0005991822 0 199
0005991823 0 217
0005991825 0 204
0005991826 0 345
0005991828 0 271
0005991832 0 278
0005991833 0 225
0005991835 0 310
0005991836 0 309
0005991838 0 228
0005991840 0 253
0005991841 0 195
0005991843 0 233
0005991844 0 226
0005991845 0 237
0005991846 0 223
0005991848 0 217
0005991849 0 253
0005991850 0 235
0005991854 0 235
0005991856 0 270
0005991857 0 220
0005991858 0 201
0005991859 0 297
0005991860 0 273
0005991862 0 353
0005991863 0 223
0005991864 0 301
0005991865 0 220
0005991867 0 242
0005991868 0 352
0005991869 0 294
0005991870 0 201
0005991871 0 228
0005991874 0 250
0005991875 0 216
0005991876 0 256
0005991877 0 226
0005991878 0 256
0005991879 0 236
0005991881 0 269
0005991882 0 233
0005991883 0 217
0005991888 0 298
0005991889 0 190
0005991891 0 219
0005991892 0 218
0005991894 0 252
0005991895 0 214
0005991896 0 286
0006907775 0 222
0006907777 0 302
0006907778 0 239
0006907779 0 258
0006907781 0 263
0006907782 0 231
0006907783 0 334
0006907785 0 202
0006907787 0 237
0006907789 0 225
0006907790 0 223
0006907791 0 197
0006907793 0 331
0006907794 0 226
0006907797 0 428
0006907798 0 280
0006907800 0 232
0006907801 0 251
0006907803 0 247
0006907806 0 239
0006907825 0 261
0006907826 0 208
0006907828 0 194
0006907829 0 224
0006907830 0 269
0006907832 0 206
0006907844 0 210
0006907845 0 205
0006907846 0 253
0006907848 0 242
0006907849 0 299
0006907850 0 272
0006907852 0 258
0006907854 0 247
0006907855 0 256
0006907856 0 243
0006907857 0 191
0006907858 0 267
0006907859 0 275
0006907860 0 200
0006907861 0 203
0006907862 0 250
0006907863 0 258
0006907864 0 253
0006907865 0 216
0006907866 0 233
0006907867 0 279
0006907868 0 235
0006907869 0 270
0006907870 0 272
0006907871 0 303
0006907872 0 217
0006907873 0 199
0013349461 0 263
0053620912 0 201
0053620915 0 202
0053620917 0 213
0053620919 0 229
0053620920 0 236
0053620925 0 233
0053620928 0 219
0053620930 0 203
0053620935 0 228
0053620936 0 291
0053620937 0 227
0053620939 0 304
0053620940 0 277
0053620941 0 273
0053620950 0 287
0053620952 0 244
0053620953 0 259
0053620955 0 205
0053620956 0 232
0053620959 0 214
0053620960 0 257
0053620961 0 195
0053620963 0 212
0053620967 0 250
0053620972 0 202
0053620973 0 237
0053620975 0 199
0053620977 0 212
0053620979 0 290
0053620980 0 230
0053620982 0 217
0053620983 0 283
0053620985 0 231
0053620990 0 284
0053620995 0 264
0053620998 0 248
0053620999 0 216
0053621000 0 240
0053621002 0 313
0053621003 0 235
0053621006 0 207
0053621007 0 267
0057943722 0 225
0057943723 0 203
0057943735 0 199
0057943736 0 259
0057943737 0 213
0057943739 0 238
0057943741 0 253
0057943743 0 409
0057943744 0 258
0057943748 0 256
0057943754 0 209
0057943755 0 246
0057943762 0 214
0057943763 0 224
0057943764 0 220
0057943765 0 200
0057943766 0 225
0057943767 0 300
0057943768 0 228
0057943771 0 226
0057943772 0 236
0057943773 0 242
0057943778 0 206
0057943782 0 238
0057943783 0 256
0057943784 0 224
0057943786 0 248
0057943787 0 280
0057943788 0 262
0057943793 0 215
0057943794 0 286
0057943795 0 212
0057943798 0 233
0057943804 0 287
0057943807 0 220
0057943809 0 232
0057943810 0 283
0057943814 0 203
0057943815 0 235
0057943817 0 310
0057943819 0 200
0057943821 0 274
0057943823 0 225
0057943827 0 298
0057943828 0 218
0057943830 0 268
0057943831 0 208
0057943834 0 276
0057943835 0 233
0057943836 0 238
0057943837 0 271
0057943838 0 211
0057943839 0 217
0057943840 0 235
0057943841 0 210
0057943842 0 236
0057943845 0 266
0057943847 0 282
0057943849 0 195
0057943850 0 215
0057943851 0 247
0057943852 0 320
0057943855 0 244
0057943857 0 251
0057943861 0 221
0057943862 0 259
0057943865 0 260
0057943868 0 212
0057943870 0 245
0057943872 0 290
0057943875 0 269
0057943876 0 267
0057943877 0 217
0057943883 0 201
0057943885 0 218
0057943889 0 213
0057943890 0 342
0057943891 0 272
0057943893 0 265
0057943895 0 267
0057943897 0 226
0057943901 0 232
0057943903 0 242
0057943911 0 272
0057943915 0 316
0057943917 0 248
0057943919 0 236
0057943921 0 280
0057943924 0 252
0057943925 0 236
0057943927 0 203
0057943930 0 243
0057943932 0 196
0057943933 0 239
0057943935 0 227
0057943936 0 268
0057943937 0 214
0057943938 0 189
0057943940 0 193
0057943941 0 243
0057943942 0 266
0057943943 0 216
0057943944 0 246
0057943945 0 214
0057943946 0 304
0057943952 0 253
0057943956 0 200
0057943959 0 265
0057943963 0 269
0057943964 0 263
0057943965 0 253
0057943967 0 257
0057943971 0 258
0057943972 0 289
0057943974 0 289
0057943975 0 222
0057943978 0 233
0057943980 0 263
0057943982 0 264
0057943986 0 226
0057943995 0 240
0057944001 0 181
0057944002 0 482
0057944003 0 204
0057944005 0 288
0057944007 0 252
0057944009 0 218
0057944015 0 243
0057944016 0 164
0057944017 0 251
0057944018 0 264
0057944019 0 217
0057944022 0 227
0057944024 0 221
0057944026 0 221
0057944028 0 242
0057944029 0 236
0057944031 0 255
0057944032 0 254
0057944033 0 298
0057944034 0 295
0057944037 0 176
0057944038 0 241
0057944039 0 256
0057944041 0 255
0057944042 0 231
0057944044 0 207
0057944047 0 220
0057944053 0 233
0057944054 0 256
0057944056 0 245
0057944059 0 248
0057944061 0 239
0057944064 0 222
0057944065 0 245
0057944066 0 268
0057944070 0 210
0057944072 0 232
0057944073 0 219
0057944078 0 223
0057944079 0 287
0057944080 0 219
0057944081 0 241
0057944084 0 216
0057944087 0 268
0057944088 0 301
0057944092 0 208
0057944096 0 270
0057944097 0 196
0057944098 0 361
0057944099 0 303
0057944100 0 236
0057944102 0 216
0057944103 0 226
0057944105 0 209
0057944106 0 240
0057944107 0 284
0057944108 0 288
0057944117 0 217
0057944118 0 219
0057944119 0 195
0057944123 0 194
0057944125 0 220
0057944126 0 239
0057944127 0 270
0057944128 0 214
0057944131 0 211
0057944133 0 258
0057944135 0 233
0057944138 0 210
0057944139 0 223
0057944143 0 254
0057944144 0 305
0057944145 0 241
0057944146 0 237
0057944147 0 227
0057944148 0 252
0057944152 0 276
0057944157 0 241
0057944161 0 223
0057944162 0 199
0057944165 0 252
0057944168 0 227
0057944171 0 285
0057944172 0 202
0057944173 0 232
0057944177 0 220
0057944181 0 253
0057944182 0 232
0057944185 0 241
0057944186 0 235
0057944191 0 238
0057944192 0 288
0057944194 0 293
0057944195 0 212
0057944196 0 208
0057944197 0 207
0057944198 0 240
0057944200 0 236
0057944203 0 212
0057944204 0 323
0057944206 0 260
0057944208 0 310
0057944210 0 231
0057944212 0 307
0057944213 0 296
0057944219 0 228
0057944220 0 233
0057944221 0 271
0057944223 0 216
0057944226 0 215
0057944230 0 224
0057944231 0 276
0057944233 0 262
0057944234 0 245
0057944237 0 308
0057944238 0 304
0057944242 0 267
0057944245 0 244
0057944249 0 225
0057944252 0 238
0057944255 0 254
0057944258 0 221
0057944263 0 227
0057944264 0 270
0057944266 0 243
0057944269 0 229
0057944271 0 241
0057944274 0 335
0057944276 0 265
0057944279 0 228
0057944282 0 295
0057944283 0 235
0057944285 0 200
0057944287 0 379
0057944288 0 189
0057944289 0 225
0057944290 0 243
0057944291 0 216
0057944294 0 212
0057944298 0 330
0057944299 0 281
0057944300 0 272
0057944304 0 291
0057944306 0 270
0057944307 0 224
0057944309 0 286
0057944313 0 253
0057944314 0 232
0057944315 0 199
0057944316 0 296
0057944318 0 271
0057944319 0 248
0057944320 0 298
0057944321 0 270
0057944322 0 281
0057944326 0 238
0057944332 0 227
0057944333 0 226
0057944334 0 229
0057944335 0 258
0057944338 0 261
0057944340 0 239
0057944341 0 486
0057944342 0 213
0057944343 0 245
0057944347 0 269
0057944348 0 221
0057944349 0 314
0057944352 0 228
0057944353 0 235
0057944356 0 239
0057944357 0 229
0057944359 0 212
0057944360 0 237
0057944361 0 327
0057944367 0 273
0057944369 0 214
0057944370 0 179
0057944371 0 229
0057944376 0 201
0057944377 0 271
0057944378 0 314
0057944382 0 286
0057944384 0 200
0057944385 0 206
0057944390 0 252
0057944391 0 215
0057944394 0 274
0057944397 0 212
0057944398 0 238
0057944399 0 244
0057944400 0 244
0057944401 0 323
0057944408 0 223
0057944410 0 209
0057944411 0 229
0057944412 0 394
0057944415 0 227
0057944417 0 258
0057944418 0 217
0057944419 0 298
0057944420 0 268
0057944421 0 241
0057944422 0 243
0057944424 0 265
0057944426 0 205
0057944427 0 171
0057944429 0 284
0057944430 0 272
0057944431 0 221
0057944433 0 208
0057944434 0 242
0057944439 0 252
0057944442 0 262
0057944445 0 307
0057944447 0 212
0057944448 0 287
0057944450 0 185
0057944453 0 255
0057944458 0 267
0057944459 0 248
0057944460 0 304
0057944461 0 208
0057944464 0 286
0057944467 0 259
0057944468 0 213
0057944472 0 222
0057944473 0 189
0057944475 0 211
0057944476 0 173
0057944477 0 246
0057944479 0 194
0057944480 0 238
0057944482 0 313
0057944484 0 214
0057944485 0 222
0057944486 0 268
0057944489 0 212
0057944490 0 228
0057944491 0 234
0057944495 0 241
0057944499 0 231
0057944500 0 208
0057944502 0 304
0057944504 0 207
0057944507 0 228
0057944509 0 205
0057944511 0 211
0057944512 0 246
0057944514 0 276
0057944515 0 241
0057944518 0 282
0057944519 0 201
0057944520 0 256
0057944521 0 299
0057944525 0 219
0057944529 0 296
0057944530 0 261
0057944531 0 291
0057944532 0 195
0057944533 0 223
0057944534 0 293
0057944536 0 285
0057944537 0 317
0057944539 0 189
0057944540 0 180
0057944542 0 268
0057944544 0 301
0057944545 0 254
0057944546 0 231
0057944547 0 210
0057944549 0 285
0057944550 0 212
0057944551 0 265
0057944552 0 366
0057944554 0 265
0057944556 0 201
0057944557 0 242
0057944558 0 220
0057944561 0 299
0057944563 0 286
0057944566 0 356
0057944567 0 222
0057944568 0 195
0057944571 0 289
0057944575 0 245
0057944578 0 235
0057944581 0 241
0057944583 0 251
0057944584 0 273
0057944587 0 326
0057944588 0 219
0057944590 0 244
0057944591 0 219
0057944593 0 255
0057944596 0 330
0057944599 0 220
0057944600 0 209
0057944601 0 249
0057944602 0 226
0057944603 0 179
0057944606 0 248
0057944607 0 312
0057944609 0 255
0057944612 0 268
0057944616 0 206
0057944619 0 242
0057944623 0 233
0057944627 0 193
0057944629 0 211
0057944631 0 186
0057944632 0 198
0057944633 0 264
0057944640 0 330
0057944642 0 350
0057944643 0 287
0057944646 0 216
0057944647 0 263
0057944649 0 232
0057944651 0 438
0057944652 0 256
0057944654 0 258
0057944655 0 451
0057944656 0 275
0057944657 0 207
0057944659 0 318
0057944661 0 254
0057944665 0 215
0057944666 0 291
0057944669 0 323
0057944670 0 230
0057944672 0 215
0057944673 0 263
0057944675 0 236
0057944681 0 272
0057944683 0 201
0057944686 0 268
0057944693 0 254
0057944695 0 213
0057944697 0 293
0057944705 0 233
0057944708 0 204
0057944709 0 214
0057944711 0 239
0070843284 0 268
0070843285 0 213
0070843286 0 290
0079985071 0 204
0079985076 0 209
0079985077 0 219
0079985078 0 253
0079985080 0 316
0079985088 0 224
0079985089 0 226
0079985090 0 239
0079985091 0 240
0079985094 0 300
0079985100 0 241
0079985101 0 238
0079985103 0 220
0079985107 0 283
0079985108 0 218
0079985109 0 217
0079985114 0 248
0079985116 0 255
0079985119 0 343
0079985120 0 284
0079985121 0 240
0079985122 0 228
0079985124 0 220
0079985125 0 238
0079985129 0 204
0079985130 0 289
0079985133 0 277
0079985137 0 242
0079985138 0 169
0079985140 0 261
0079985141 0 262
0079985143 0 352
0079985147 0 244
0079985148 0 197
0079985149 0 234
0079985153 0 231
0079985157 0 260
0079985158 0 222
0079985161 0 281
0079985163 0 222
0079985165 0 298
0079985166 0 283
0079985168 0 209
0079985170 0 265
0079985171 0 340
0079985172 0 258
0079985173 0 309
0079985175 0 189
0079985176 0 236
0079985177 0 251
0079985180 0 216
0079985182 0 220
0079985184 0 239
0079985185 0 206
0079985187 0 344
0079985188 0 327
0079985190 0 205
0079985191 0 255
0079985193 0 205
0079985194 0 216
0079985196 0 249
0079985197 0 273
0079985198 0 217
0079985199 0 251
0079985202 0 219
0079985203 0 209
0079985204 0 224
0079985206 0 249
0079985207 0 212
0079985209 0 251
0079985212 0 263
0079985214 0 223
0079985216 0 216
0079985217 0 222
0079985219 0 222
0079985220 0 231
0079985222 0 254
0079985223 0 249
0079985225 0 242
0079985226 0 301
0079985228 0 228
0079985229 0 275
0079985232 0 240
0079985233 0 235
0079985234 0 370
0079985235 0 248
0079985239 0 220
0079985243 0 222
0079985244 0 298
0079985247 0 259
0079985248 0 266
0079985250 0 267
0079985251 0 274
0079985252 0 199
0079985260 0 198
0079985261 0 210
0079985264 0 237
0079985267 0 283
0079985268 0 226
0079985273 0 219
0079985274 0 292
0079985275 0 200
0079985276 0 263
0079985277 0 324
0079985279 0 312
0079985281 0 307
0079985283 0 283
0079985285 0 235
0079985286 0 234
0079985287 0 235
0079985295 0 245
0079985296 0 243
0079985297 0 217
0079985301 0 218
0079985305 0 227
0079985306 0 228
0079985309 0 230
0079985310 0 246
0079985312 0 227
0079985313 0 251
0079985314 0 263
0079985315 0 293
0079985316 0 283
0079985318 0 251
0079985319 0 195
0079985320 0 263
0079985323 0 246
0079985324 0 260
0079985325 0 204
0079985326 0 226
0079985328 0 237
0079985331 0 200
0079985333 0 275
0079985335 0 275
0079985337 0 288
0079985339 0 192
0079985340 0 308
0079985342 0 261
0079985344 0 262
0079985346 0 240
0079985347 0 249
0079985350 0 300
0079985351 0 285
0079985352 0 276
0079985353 0 249
0079985355 0 218
0079985359 0 232
0079985361 0 280
0079985363 0 263
0079985364 0 272
0079985368 0 272
0079985369 0 232
0079985376 0 262
0079985378 0 223
0079985381 0 262
0079985382 0 233
0079985385 0 273
0079985386 0 226
0079985392 0 213
0079985393 0 200
0079985394 0 276
0079985395 0 289
0079985397 0 304
0079985398 0 198
0079985399 0 240
0079985400 0 223
0079985403 0 211
0079985404 0 362
0079985405 0 246
0079985406 0 248
0079985408 0 269
0079985412 0 255
0079985413 0 255
0079985414 0 226
0079985417 0 228
0079985418 0 246
0079985419 0 297
0079985420 0 257
0079985422 0 231
0079985423 0 240
0079985427 0 287
0079985428 0 275
0079985429 0 253
0098170245 0 277
0098170246 0 245
0098170248 0 227
0098170251 0 209
0098170255 0 230
0098170256 0 217
0098170257 0 199
0098170259 0 223
0098170260 0 201
0098170261 0 239
0098170263 0 232
0098170265 0 220
0098170266 0 292
0098170267 0 229
0098170268 0 276
0098170269 0 229
0098170273 0 298
0098170279 0 215
0098170280 0 310
0098170281 0 207
0098170282 0 205
0098170284 0 235
0098170287 0 233
0098170288 0 274
0098170290 0 287
0098170293 0 233
0098170294 0 264
0098170297 0 198
0098170299 0 259
0098170300 0 365
0098170301 0 267
0098170302 0 267
0098170306 0 299
0098170307 0 241
0098170308 0 264
0098170309 0 263
0098170310 0 237
0098170311 0 270
0098170313 0 284
0098170314 0 195
0098170315 0 226
0098170316 0 276
0098170317 0 214
0098170319 0 221
0098170321 0 251
0098170324 0 261
0098170325 0 279
0098170326 0 224
0098170327 0 225
0098170328 0 204
0098170329 0 323
0098170330 0 180
0098170331 0 267
0098170334 0 207
0098170335 0 226
0098170336 0 238
0098170340 0 212
0098170341 0 234
0098170343 0 261
0098170344 0 222
0098170345 0 307
0098170346 0 228
0098170347 0 232
0098170348 0 283
0098170349 0 229
0098170350 0 285
0098170351 0 237
0098170352 0 243
0098170353 0 261
0098170354 0 279
0098170355 0 208
0098170356 0 293
0098170357 0 252
0098170359 0 311
0098170360 0 254
0098170361 0 253
0098170362 0 264
0098170363 0 219
0098170364 0 193
0098170365 0 253
0098170370 0 226
0098170371 0 252
0098170374 0 202
0098170375 0 237
0098170376 0 226
0098170379 0 226
0098170384 0 244
0098170385 0 285
0098170386 0 227
0098170387 0 344
0098170388 0 211
0098170391 0 218
0098170393 0 216
0098170394 0 250
0098170397 0 187
0098170398 0 241
0098170401 0 249
0098170402 0 211
0098170404 0 229
0098170405 0 228
0098170406 0 264
0098170408 0 207
0098170409 0 289
0098170410 0 259
0098170413 0 235
0098170414 0 269
0098170415 0 245
0098170416 0 233
0098170417 0 194
0098170420 0 281
0098170422 0 215
0098170425 0 354
0098170426 0 233
0098170427 0 278
0098170430 0 203
0098170433 0 248
0098170434 0 406
0098170435 0 186
0098170436 0 191
0098170438 0 228
0098170440 0 230
0098170442 0 299
0098170445 0 212
0098170447 0 232
0098170448 0 234
0098170449 0 331
0098170453 0 229
0098170454 0 195
0098170455 0 242
0098170456 0 342
0098170457 0 325
0098170459 0 292
0098170460 0 192
0098170464 0 248
0098170469 0 217
0098170476 0 262
0098170478 0 253
0098170479 0 240
0098170483 0 335
0098170485 0 287
0098170486 0 217
0098170487 0 281
0098170489 0 237
0098170490 0 226
0098170491 0 289
0098170492 0 270
0098170493 0 226
0098170494 0 217
0098170495 0 321
0098170496 0 342
0098170498 0 192
0098170501 0 202
0098170502 0 250
0098170503 0 228
0098170504 0 212
0098170505 0 244
0098170506 0 226
0098170507 0 279
0098170517 0 250
0098170518 0 231
0098170519 0 220
0098170521 0 229
0098170522 0 239
0098170523 0 207
0098170527 0 229
0098170528 0 250
0098170529 0 232
0098170531 0 261
0098170532 0 282
0098170533 0 257
0098170534 0 227
0098170535 0 194
0098170536 0 222
0098170538 0 263
0098170543 0 286
0098170544 0 274
0098170546 0 222
0098170551 0 201
0098170552 0 212
0098170554 0 246
0098170556 0 326
0098170558 0 207
0098170559 0 257
0098170564 0 391
0098170566 0 296
0098170568 0 207
0098170570 0 348
0098170573 0 271
0098170574 0 255
0098170576 0 192
0098170579 0 301
0098170580 0 248
0098170581 0 244
0098170582 0 308
0098170583 0 265
0098170586 0 256
0098170587 0 260
0098170590 0 289
0098170592 0 256
0098170593 0 252
0098170594 0 213
0098170595 0 295
0098170596 0 232
0098170597 0 310
0098170600 0 207
0098170601 0 242
0098170605 0 210
0098170613 0 235
0098170618 0 246
0098170620 0 303
0098170622 0 244
0098170625 0 239
0098170627 0 222
0098170629 0 215
0098170630 0 250
0098170632 0 353
0098170640 0 266
0098170643 0 204
0098170646 0 222
0098170648 0 255
0098170650 0 258
0098170652 0 325
0098170655 0 217
0098170656 0 288
0098170659 0 227
0098170660 0 238
0098170661 0 278
0098170667 0 258
0098170668 0 240
0098170669 0 309
0098170670 0 209
0098170671 0 289
0098170672 0 264
0098170676 0 241
0098170678 0 322
0098170679 0 219
0098170685 0 235
0098170686 0 288
0098170688 0 269
0098170689 0 212
0098170692 0 235
0098170695 0 215
0098170696 0 223
0098170697 0 237
0098170698 0 237
0098170699 0 299
0098170700 0 290
0098170701 0 265
0098170702 0 220
0098170704 0 271
0098170705 0 280
0098170707 0 335
0098170709 0 209
0098170711 0 308
0098170712 0 221
0098170713 0 262
0098170715 0 342
0098170716 0 213
0098170717 0 300
0098170719 0 181
0098170720 0 200
0098170721 0 206
0098170730 0 255
0098170732 0 281
0098170736 0 222
0098170737 0 245
0098170738 0 217
0098170739 0 309
0098170740 0 218
0098170742 0 266
0098170743 0 254
0098170744 0 251
0098170745 0 271
0098170746 0 193
0098170753 0 429
0098170754 0 217
0098170755 0 246
0098170757 0 230
0098170758 0 308
0098170759 0 226
0098170760 0 180
0098170762 0 248
0098170764 0 242
0098170765 0 262
0098170766 0 220
0098170769 0 195
0098170770 0 222
0136571459 0 219
0136571460 0 239
0136571461 0 206
0136571465 0 249
0136571467 0 202
0136571469 0 313
0136571470 0 255
0136571471 0 236
0136571472 0 230
0136571475 0 257
0136571476 0 265
0136571478 0 203
0136571479 0 278
0136571480 0 277
0136571481 0 285
0136571482 0 332
0136571483 0 269
0136571486 0 237
0136571487 0 196
0136571488 0 191
0136571489 0 335
0136571490 0 282
0136571491 0 223
0136571492 0 245
0136571496 0 216
0136571498 0 301
0136571501 0 286
0136571503 0 212
0136571504 0 206
0136571505 0 269
0254454005 0 259
0254454006 0 236
0254454007 0 205
0254454008 0 162
0254454012 0 225
0254454014 0 239
0254454015 0 216
0254454017 0 237
0254454018 0 200
0254454019 0 226
0254454020 0 196
0254454022 0 231
0254454023 0 213
0254454024 0 195
0254454026 0 219
0254454027 0 225
0254454030 0 253
0254454031 0 289
0254454033 0 194
0254454040 0 281
0254454041 0 214
0254454042 0 214
0254454043 0 238
0254454044 0 290
0254454047 0 218
0254454056 0 232
0254454057 0 253
0254454058 0 190
0254454060 0 232
0254454061 0 235
0254454063 0 229
0254454066 0 251
0254454068 0 244
0254454069 0 235
0254454070 0 259
0254454071 0 238
0254454072 0 226
0254454073 0 235
0254454074 0 241
0254454075 0 232
0254454076 0 219
0254454077 0 226
0254454078 0 269
0254454080 0 204
0254454081 0 230
0254454082 0 243
0254454084 0 238
0254454087 0 280
0254454088 0 255
0254454091 0 203
0254454092 0 338
0254454093 0 237
0254454094 0 231
0254454095 0 237
0254454096 0 253
0254454097 0 192
0254454099 0 236
0254454100 0 241
0254454101 0 304
0254454102 0 245
0256192181 0 263
0256192183 0 263
0256192184 0 219
0256192187 0 257
0256192188 0 272
0256192189 0 219
0256192191 0 230
0256192194 0 296
0256192195 0 197
0256192196 0 296
0256192197 0 288
0256192198 0 261
0256192199 0 219
0256192200 0 283
0256192203 0 318
0256192205 0 268
0256192206 0 262
0256192207 0 285
0256192208 0 332
0256192209 0 217
0256192211 0 273
0256192212 0 254
0256192213 0 184
0256192214 0 245
0256192215 0 272
0256192216 0 269
0256192217 0 240
0256192218 0 213
0256192221 0 247
0256192223 0 291
0256192224 0 207
0256192227 0 313
0256192228 0 262
0256192229 0 219
0256192231 0 215
0256192234 0 245
0256192235 0 404
0256192236 0 303
0256192239 0 238
0256192240 0 217
0256192242 0 248
0256192243 0 293
0256192244 0 239
0256192245 0 317
0256192246 0 208
0256192247 0 246
0256192248 0 184
0256192249 0 210
0256192251 0 196
0256192252 0 248
0256192253 0 279
0256192255 0 203
0256192256 0 279
0256192257 0 217
0256192258 0 289
0256192259 0 216
0256192260 0 224
0256192261 0 223
0256192262 0 227
0256192264 0 222
0256192266 0 212
0256192267 0 251
0256192269 0 234
0256192271 0 226
0256192272 0 269
0256192273 0 246
0256192275 0 320
0256192276 0 235
0256192277 0 198
0256192278 0 281
0256192279 0 234
0256192280 0 286
0264653455 0 225
0264653456 0 203
0264653458 0 305
0264653459 0 276
0264653461 0 231
0264653464 0 217
0264653467 0 229
0264653468 0 232
0264653471 0 238
0264653474 0 308
0264653475 0 232
0264653479 0 287
0264653482 0 215
0264653483 0 281
0264653484 0 213
0264653485 0 248
0264653489 0 213
0264653490 0 268
0264653491 0 230
0264653492 0 246
0264653493 0 222
0264653494 0 222
0264653496 0 296
0264653497 0 215
0264653500 0 316
0264653501 0 231
0264653502 0 178
0264653503 0 252
0264653504 0 222
0264653506 0 208
0264653507 0 261
0264653508 0 257
0264653511 0 206
0264653512 0 241
0264653513 0 240
0264653514 0 272
0264653515 0 235
0264653516 0 203
0264653517 0 277
0264653518 0 215
0264653520 0 215
0264653522 0 270
0264653524 0 245
0264653525 0 201
0264653526 0 217
0264653527 0 225
0264653528 0 253
0264653529 0 191
0264653532 0 228
0264653535 0 230
0264653540 0 224
0264653541 0 214
0264653542 0 266
0264653547 0 223
0264653548 0 237
0264653550 0 259
0264653551 0 225
0264653552 0 246
0264653553 0 262
0277761576 0 220
0277761578 0 260
0277761580 0 279
0277761581 0 203
0277761582 0 273
0277761583 0 250
0277761584 0 228
0277761585 0 250
0277761587 0 337
0277761588 0 288
0277761589 0 183
0277761590 0 250
0277761591 0 227
0277761594 0 245
0277761599 0 227
0277761600 0 271
0277761601 0 204
0277761602 0 247
0277761604 0 250
0277761605 0 230
0277761607 0 231
0277761609 0 213
0277761610 0 241
0277761612 0 398
0277761613 0 199
0277761614 0 334
0277761615 0 337
0277761616 0 234
0277761617 0 233
0277761618 0 214
0277761619 0 226
0277761620 0 222
0277761621 0 228
0277761622 0 213
0277761624 0 314
0277761625 0 290
0277761626 0 376
0277761627 0 220
0277761628 0 197
0277761635 0 192
0277761637 0 227
0277761639 0 187
